1803
4776
4440
2096
3870
4966
3331
3757
1069
1440
2973
3849
3611
3000
2777
4718
2185
608
3847
1688
3171
4423
3942
2293
4489
4217
1458
2716
3116
106
2385
1945
3125
3224
4420
342
4942
4136
3276
1591
590
540
4819
1606
113
2592
1252
4440
3131
4397
4207
3433
510
4347
4010
2117
4260
4229
2039
4719
1615
1928
4912
3693
1627
1977
573
2058
4497
1865
4185
2150
29
3186
3818
4688
448
4100
1091
441
1904
4860
15
1602
2539
1888
140
1388
2205
2402
866
4033
526
999
2954
2191
1422
3941
1728
2178
4566
1715
2353
475
2078
2185
3210
3490
2207
2173
3582
3096
3395
395
1370
287
3399
96
658
2650
4205
416
188
1857
2063
322
995
2832
1792
1148
2309
2449
3091
2908
2599
4260
3356
4878
953
4149
3335
4160
4620
416
704
4836
1798
2239
3694
4337
3111
3069
4672
4027
870
2127
4648
3953
4757
3543
1475
2522
4715
2932
3354
251
4787
4249
4490
3138
569
3719
1267
171
4002
4013
1371
4572
2214
1447
1510
3481
3285
3893
4529
2572
3136
1574
1734
3072
3808
4492
4835
1371
1449
2157
1909
3728
3655
3723
795
4124
4365
460
704
1445
2781
774
817
4017
1943
2013
2645
2399
642
4187
1025
4695
280
4413
4857
2491
2001
1501
1569
1136
144
3810
1346
3860
691
3484
2241
2329
2856
3926
3411
2355
949
792
4401
4244
1707
2759
4737
437
1931
2934
2865
4992
1203
3187
4113
4612
1428
2085
4703
1611
4050
2595
1375
3096
1946
3277
463
874
2265
1285
1416
2033
1277
1399
1375
1254
4910
1606
911
4769
3322
3397
2734
3590
1797
4142
1748
684
608
751
2144
3691
2343
966
800
120
493
1461
448
4139
981
3866
3249
2670
1479
4331
359
4339
2263
3453
3650
3929
3922
826
367
60
1632
2658
167
507
2723
4173
4951
1016
4978
4121
763
2982
3785
3387
4590
902
2280
1904
2304
673
3438
639
849
828
3729
645
3333
4160
4355
4540
3235
2861
4566
2964
680
2264
3392
281
2792
1073
807
3424
2312
4475
2539
1435
4529
642
385
255
4275
207
2296
3379
288
1271
2100
2660
33
85
2114
2509
3656
4925
2402
1037
3621
842
634
258
2377
1269
45
1395
3640
924
3927
3935
2842
55
1883
1772
2034
2618
133
1600
2643
828
2757
3606
1813
3935
3344
424
1104
4450
1668
1594
3063
2788
4288
3002
1764
1404
2507
3763
687
2866
1638
1760
2127
1720
974
3546
1314
104
3097
1252
976
2187
3376
3680
3669
1375
516
1905
3415
2700
1427
427
4657
2311
468
2104
4896
4930
2834
445
2018
348
1826
2898
1048
2440
1090
3092
2050
4417
1258
2593
654
3864
3166
3071
4088
2540
4040
4388
2607
3707
3926
4304
2025
2953
4412
2143
4822
3629
977
1517
2549
2873
2903
790
564
4438
287
4389
2427
1408
2085
3898
23
4909
4684
4192
421
1657
4165
838
4935
1282
1776
4406
759
59
4644
3218
2006
4834
563
4776
1913
2272
2631
1932
60
1395
4072
4266
2697
1466
692
2821
3073
4524
1409
1394
1099
4023
617
2389
3757
3091
2294
491
1426
53
4972
4202
915
3425
2292
1626
3059
2570
3486
4408
4487
309
4775
3292
2956
3689
3879
3637
2284
3462
3670
3850
1938
3329
2026
1943
992
4437
3497
4831
686
2918
2173
3678
2691
3524
634
1110
3647
1047
4987
286
4706
2297
2933
4048
2216
1401
4570
4233
4504
999
584
2174
4871
1573
1235
596
2957
4438
1751
4906
514
3985
1996
2258
1075
1415
4480
4506
2054
3691
2596
4283
4114
2991
2398
3451
2292
3802
633
4475
1361
479
254
2333
2449
3916
4289
3642
4311
4724
2999
2250
1140
43
4900
2780
4763
3913
3137
4650
3294
453
2593
3352
363
2867
518
632
3177
236
203
3484
2746
3210
813
1974
1109
3309
4152
2131
1686
2683
1004
2353
573
3551
3304
3320
1960
4696
4336
737
590
530
35
4092
1392
4261
3878
251
2355
3539
4872
4909
4552
1193
1534
3580
546
3226
813
154
1868
2705
3922
3166
2395
998
552
4408
3186
3201
1515
2187
4482
242
3035
1826
4489
460
2700
1369
1044
2839
3599
2974
2639
1157
1229
2973
302
3654
3936
120
4104
2708
2318
623
1203
485
2173
3499
4620
4849
3233
472
1207
175
4695
4300
838
4566
3667
4575
2913
1951
3360
979
1045
3788
3639
617
3706
1287
3437
2751
766
4868
3752
2820
2795
2748
957
2054
1923
1380
466
388
374
1787
4836
1538
3061
4880
1477
4367
1943
3240
1396
4475
4933
997
3954
3885
1968
3347
4004
731
3365
232
1026
1374
2058
1879
2722
4865
2499
3411
1472
1297
628
3238
2173
2662
701
2434
4451
1069
2504
102
1148
2460
893
216
3828
3196
550
2058
3679
1980
4954
4486
1001
2666
4806
962
751
4631
4802
2193
708
476
2373
2350
2775
3982
844
1426
2274
2274
2632
954
2329
1669
2052
56
2030
1001
4590
2420
3973
993
392
2179
2234
2515
3687
830
2738
4761
4074
1490
2587
3098
2624
2215
2958
4923
2523
1355
1703
1317
572
866
1587
1269
3922
3459
2015
690
2449
3303
2644
2310
1710
1050
1092
3306
3344
3137
3254
533
3046
41
4043
3412
4429
3577
260
2408
145
3794
4322
4829
4796
412
1857
1507
3535
3200
585
4167
266
2864
4996
3976
1568
3424
4690
4753
1708
2855
4112
4442
471
1819
40
3866
76
3734
2592
1193
2321
356
1642
4099
475
1829
2825
1324
2416
3850
2946
4199
3674
4899
1888
3551
998
409
3472
3796
690
537
423
2046
1584
4703
2335
1338
2432
1259
3662
336
4925
2271
3084
3103
177
3688
2194
3404
1587
822
567
112
4227
1002
2019
897
3386
3412
1081
2622
43
4667
1507
2820
2020
1819
4303
3910
920
865
3115
2609
4357
3006
615
2656
4191
4106
4739
1587
3218
3741
1269
985
1790
1662
2012
3466
4446
1601
2609
4734
1632
1815
1638
4107
1940
2779
753
178
3805
1306
1781
1027
3208
1760
2095
4530
4520
4310
2502
479
2030
3960
3101
2946
578
502
4698
2537
1102
601
3223
3726
4699
4601
3560
2556
3668
511
2028
4552
1282
84
2795
3567
2662
1632
709
4326
896
377
2493
2874
2876
1713
434
902
1321
259
3677
280
4077
2025
2936
3103
4509
3591
4290
3636
1378
1977
3703
2450
2878
3173
1675
4696
2858
1421
2615
4810
295
3536
4583